 DELTA ISLAND DIVERSION ALLOCATION FACTORS (%)
 FOR DWR/RMA DELTA MODEL NODES (4/20/88). MODIFIED FOR DSM NODES BY PNT (NM 2/21/92)
   I    N       DIV %
   1  227      20.00
   1  238      20.00
   1  329      20.00
   1  363      20.00
   1  366      20.00
   2  436      25.00
   2  434      25.00
   2  433      25.00
   2  432      25.00
   3  228       7.69
   3  327       7.69
   3  364       7.69
   3  418       7.69
   3  420       7.69
   3  421       7.69
   3  422       7.69
   3  425       7.69
   3  428       7.69
   3  432       7.69
   3  433       7.69
   3  434       7.69
   3  436       7.69
   4  403      10.00
   4  406      10.00
   4  408      10.00
   4  409      10.00
   4  410      10.00
   4  412      10.00
   4  417      10.00
   4  418      10.00
   4  420      10.00
   4  421      10.00
   5  403      16.67
   5  406      16.67
   5  409      16.67
   5  413      16.67
   5  421      16.67
   5  422      16.67
   6  371      10.00
   6  372      10.00
   6  373      10.00
   6  395      10.00
   6  398      10.00
   6  399      10.00
   6  403      10.00
   6  404      10.00
   6  405      10.00
   6  425      10.00
   7  364      8.33
   7  373      8.33
   7  374      8.33
   7  375      8.33
   7  376      8.33
   7  377      8.33
   7  378      8.33
   7  398      8.33
   7  399      8.33
   7  425      8.33
   7  428      8.33
   7  445      8.33
   8  368      20.00
   8  371      20.00
   8  395      20.00
   8  404      20.00
   8  405      20.00
   9  371      5.88
   9  372      5.88
   9  373      5.88
   9  374      5.88
   9  375      5.88
   9  376      5.88
   9  377      5.88
   9  386      5.88
   9  387      5.88
   9  388      5.88
   9  392      5.88
   9  393      5.88
   9  394      5.88
   9  400      5.88
   9  442      5.88
   9  443      5.88
   9  445      5.88
  10  387     20.00
  10  388     20.00
  10  389     20.00
  10  390     20.00
  10  396     20.00
  11  379     2.50
  11  380     2.50
  11  381     7.50
  11  382     2.50
  11  389     20.00
  11  390     40.00
  11  391     20.00
  11  443     5.00
  12  384     50.00
  12  385     50.00
  13  365     11.11
  13  367     11.11
  13  377     11.11
  13  378     11.11
  13  384     11.11
  13  385     11.11
  13  440     11.11
  13  442     11.11
  13  444     11.11
  14  227     4.28
  14  228     4.28
  14  238     4.28
  14  328     4.28
  14  329     4.28
  14  356     4.28
  14  357     4.28
  14  358     4.28
  14  359     4.28
  14  360     4.28
  14  362     4.28
  14  363     4.28
  14  364     4.28
  14  365     4.28
  14  366     8.56
  14  367     4.28
  14  371     0.59
  14  372     0.59
  14  373     0.59
  14  374     0.59
  14  375     0.59
  14  376     0.59
  14  377     0.59
  14  378     0.59
  14  406     0.59
  14  409     0.59
  14  417     0.59
  14  418     0.59
  14  420     0.59
  14  421     0.59
  14  422     0.59
  14  425     0.59
  14  428     0.59
  14  463     4.28
  14  464     4.28
  14  465     4.28
  14  466     4.28
  15  408    20.00
  15  412    20.00
  15  420    20.00
  15  464    40.00