MONTHLY DELTA ISLAND DRAINAGE RETURN CHLORIDE CONCENTRATIONS IN MG/L
BASED ON DWR BULLETIN 123 REGIONS (NORTH,SOUTHEAST,   WEST)  - NM 10/10/90
ISLAND   OCT     NOV     DEC     JAN     FEB     MAR     APR     MAY     JUN     JUL     AUG     SEP
                
   1     385.    433.    280.    289.    322.    342.    344.    292.    228.    252.    278.    312.
   2     385.    433.    280.    289.    322.    342.    344.    292.    228.    252.    278.    312.
   3     172.    169.    273.    275.    293.    255.    206.    121.     38.     69.     68.     68.
   4     385.    433.    280.    289.    322.    342.    344.    292.    228.    252.    278.    312.
   5     172.    169.    273.    275.    293.    255.    206.    121.     38.     69.     68.     68.
   6     172.    169.    273.    275.    293.    255.    206.    121.     38.     69.     68.     68.
   7     172.    169.    273.    275.    293.    255.    206.    121.     38.     69.     68.     68.
   8     222.    143.    286.    342.    371.    355.    324.    232.    174.    268.    290.    219.
   9     172.    169.    273.    275.    293.    255.    206.    121.     38.     69.     68.     68.
  10     172.    169.    273.    275.    293.    255.    206.    121.     38.     69.     68.     68.
  11     385.    433.    280.    289.    322.    342.    344.    292.    228.    252.    278.    312.
  12     385.    433.    280.    289.    322.    342.    344.    292.    228.    252.    278.    312.
  13     172.    169.    273.    275.    293.    255.    206.    121.     38.     69.     68.     68.
  14     172.    169.    273.    275.    293.    255.    206.    121.     38.     69.     68.     68.