2015	10	1	274
2015	10	2	275
2015	10	3	276
2015	10	4	277
2015	10	5	278
2015	10	6	279
2015	10	7	280
2015	10	8	281
2015	10	9	282
2015	10	10	283
2015	10	11	284
2015	10	12	285
2015	10	13	286
2015	10	14	287
2015	10	15	288
2015	10	16	289
2015	10	17	290
2015	10	18	291
2015	10	19	292
2015	10	20	293
2015	10	21	294
2015	10	22	295
2015	10	23	296
2015	10	24	297
2015	10	25	298
2015	10	26	299
2015	10	27	300
2015	10	28	301
2015	10	29	302
2015	10	30	303
2015	10	31	304
2015	11	1	305
2015	11	2	306
2015	11	3	307
2015	11	4	308
2015	11	5	309
2015	11	6	310
2015	11	7	311
2015	11	8	312
2015	11	9	313
2015	11	10	314
2015	11	11	315
2015	11	12	316
2015	11	13	317
2015	11	14	318
2015	11	15	319
2015	11	16	320
2015	11	17	321
2015	11	18	322
2015	11	19	323
2015	11	20	324
2015	11	21	325
2015	11	22	326
2015	11	23	327
2015	11	24	328
2015	11	25	329
2015	11	26	330
2015	11	27	331
2015	11	28	332
2015	11	29	333
2015	11	30	334
2015	12	1	335
2015	12	2	336
2015	12	3	337
2015	12	4	338
2015	12	5	339
2015	12	6	340
2015	12	7	341
2015	12	8	342
2015	12	9	343
2015	12	10	344
2015	12	11	345
2015	12	12	346
2015	12	13	347
2015	12	14	348
2015	12	15	349
2015	12	16	350
2015	12	17	351
2015	12	18	352
2015	12	19	353
2015	12	20	354
2015	12	21	355
2015	12	22	356
2015	12	23	357
2015	12	24	358
2015	12	25	359
2015	12	26	360
2015	12	27	361
2015	12	28	362
2015	12	29	363
2015	12	30	364
2015	12	31	365
2016	1	1	1
2016	1	2	2
2016	1	3	3
2016	1	4	4
2016	1	5	5
2016	1	6	6
2016	1	7	7
2016	1	8	8
2016	1	9	9
2016	1	10	10
2016	1	11	11
2016	1	12	12
2016	1	13	13
2016	1	14	14
2016	1	15	15
2016	1	16	16
2016	1	17	17
2016	1	18	18
2016	1	19	19
2016	1	20	20
2016	1	21	21
2016	1	22	22
2016	1	23	23
2016	1	24	24
2016	1	25	25
2016	1	26	26
2016	1	27	27
2016	1	28	28
2016	1	29	29
2016	1	30	30
2016	1	31	31
2016	2	1	32
2016	2	2	33
2016	2	3	34
2016	2	4	35
2016	2	5	36
2016	2	6	37
2016	2	7	38
2016	2	8	39
2016	2	9	40
2016	2	10	41
2016	2	11	42
2016	2	12	43
2016	2	13	44
2016	2	14	45
2016	2	15	46
2016	2	16	47
2016	2	17	48
2016	2	18	49
2016	2	19	50
2016	2	20	51
2016	2	21	52
2016	2	22	53
2016	2	23	54
2016	2	24	55
2016	2	25	56
2016	2	26	57
2016	2	27	58
2016	2	28	59
2016	2	29	60
2016	3	1	61
2016	3	2	62
2016	3	3	63
2016	3	4	64
2016	3	5	65
2016	3	6	66
2016	3	7	67
2016	3	8	68
2016	3	9	69
2016	3	10	70
2016	3	11	71
2016	3	12	72
2016	3	13	73
2016	3	14	74
2016	3	15	75
2016	3	16	76
2016	3	17	77
2016	3	18	78
2016	3	19	79
2016	3	20	80
2016	3	21	81
2016	3	22	82
2016	3	23	83
2016	3	24	84
2016	3	25	85
2016	3	26	86
2016	3	27	87
2016	3	28	88
2016	3	29	89
2016	3	30	90
2016	3	31	91
2016	4	1	92
2016	4	2	93
2016	4	3	94
2016	4	4	95
2016	4	5	96
2016	4	6	97
2016	4	7	98
2016	4	8	99
2016	4	9	100
2016	4	10	101
2016	4	11	102
2016	4	12	103
2016	4	13	104
2016	4	14	105
2016	4	15	106
2016	4	16	107
2016	4	17	108
2016	4	18	109
2016	4	19	110
2016	4	20	111
2016	4	21	112
2016	4	22	113
2016	4	23	114
2016	4	24	115
2016	4	25	116
2016	4	26	117
2016	4	27	118
2016	4	28	119
2016	4	29	120
2016	4	30	121
2016	5	1	122
2016	5	2	123
2016	5	3	124
2016	5	4	125
2016	5	5	126
2016	5	6	127
2016	5	7	128
2016	5	8	129
2016	5	9	130
2016	5	10	131
2016	5	11	132
2016	5	12	133
2016	5	13	134
2016	5	14	135
2016	5	15	136
2016	5	16	137
2016	5	17	138
2016	5	18	139
2016	5	19	140
2016	5	20	141
2016	5	21	142
2016	5	22	143
2016	5	23	144
2016	5	24	145
2016	5	25	146
2016	5	26	147
2016	5	27	148
2016	5	28	149
2016	5	29	150
2016	5	30	151
2016	5	31	152
2016	6	1	153
2016	6	2	154
2016	6	3	155
2016	6	4	156
2016	6	5	157
2016	6	6	158
2016	6	7	159
2016	6	8	160
2016	6	9	161
2016	6	10	162
2016	6	11	163
2016	6	12	164
2016	6	13	165
2016	6	14	166
2016	6	15	167
2016	6	16	168
2016	6	17	169
2016	6	18	170
2016	6	19	171
2016	6	20	172
2016	6	21	173
2016	6	22	174
2016	6	23	175
2016	6	24	176
2016	6	25	177
2016	6	26	178
2016	6	27	179
2016	6	28	180
2016	6	29	181
2016	6	30	182
2016	7	1	183
2016	7	2	184
2016	7	3	185
2016	7	4	186
2016	7	5	187
2016	7	6	188
2016	7	7	189
2016	7	8	190
2016	7	9	191
2016	7	10	192
2016	7	11	193
2016	7	12	194
2016	7	13	195
2016	7	14	196
2016	7	15	197
2016	7	16	198
2016	7	17	199
2016	7	18	200
2016	7	19	201
2016	7	20	202
2016	7	21	203
2016	7	22	204
2016	7	23	205
2016	7	24	206
2016	7	25	207
2016	7	26	208
2016	7	27	209
2016	7	28	210
2016	7	29	211
2016	7	30	212
2016	7	31	213
2016	8	1	214
2016	8	2	215
2016	8	3	216
2016	8	4	217
2016	8	5	218
2016	8	6	219
2016	8	7	220
2016	8	8	221
2016	8	9	222
2016	8	10	223
2016	8	11	224
2016	8	12	225
2016	8	13	226
2016	8	14	227
2016	8	15	228
2016	8	16	229
2016	8	17	230
2016	8	18	231
2016	8	19	232
2016	8	20	233
2016	8	21	234
2016	8	22	235
2016	8	23	236
2016	8	24	237
2016	8	25	238
2016	8	26	239
2016	8	27	240
2016	8	28	241
2016	8	29	242
2016	8	30	243
2016	8	31	244
2016	9	1	245
2016	9	2	246
2016	9	3	247
2016	9	4	248
2016	9	5	249
2016	9	6	250
2016	9	7	251
2016	9	8	252
2016	9	9	253
2016	9	10	254
2016	9	11	255
2016	9	12	256
2016	9	13	257
2016	9	14	258
2016	9	15	259
2016	9	16	260
2016	9	17	261
2016	9	18	262
2016	9	19	263
2016	9	20	264
2016	9	21	265
2016	9	22	266
2016	9	23	267
2016	9	24	268
2016	9	25	269
2016	9	26	270
2016	9	27	271
2016	9	28	272
2016	9	29	273
2016	9	30	274
2016	10	1	275
2016	10	2	276
2016	10	3	277
2016	10	4	278
2016	10	5	279
2016	10	6	280
2016	10	7	281
2016	10	8	282
2016	10	9	283
2016	10	10	284
2016	10	11	285
2016	10	12	286
2016	10	13	287
2016	10	14	288
2016	10	15	289
2016	10	16	290
2016	10	17	291
2016	10	18	292
2016	10	19	293
2016	10	20	294
2016	10	21	295
2016	10	22	296
2016	10	23	297
2016	10	24	298
2016	10	25	299
2016	10	26	300
2016	10	27	301
2016	10	28	302
2016	10	29	303
2016	10	30	304
2016	10	31	305
2016	11	1	306
2016	11	2	307
2016	11	3	308
2016	11	4	309
2016	11	5	310
2016	11	6	311
2016	11	7	312
2016	11	8	313
2016	11	9	314
2016	11	10	315
2016	11	11	316
2016	11	12	317
2016	11	13	318
2016	11	14	319
2016	11	15	320
2016	11	16	321
2016	11	17	322
2016	11	18	323
2016	11	19	324
2016	11	20	325
2016	11	21	326
2016	11	22	327
2016	11	23	328
2016	11	24	329
2016	11	25	330
2016	11	26	331
2016	11	27	332
2016	11	28	333
2016	11	29	334
2016	11	30	335
2016	12	1	336
2016	12	2	337
2016	12	3	338
2016	12	4	339
2016	12	5	340
2016	12	6	341
2016	12	7	342
2016	12	8	343
2016	12	9	344
2016	12	10	345
2016	12	11	346
2016	12	12	347
2016	12	13	348
2016	12	14	349
2016	12	15	350
2016	12	16	351
2016	12	17	352
2016	12	18	353
2016	12	19	354
2016	12	20	355
2016	12	21	356
2016	12	22	357
2016	12	23	358
2016	12	24	359
2016	12	25	360
2016	12	26	361
2016	12	27	362
2016	12	28	363
2016	12	29	364
2016	12	30	365
2016	12	31	366
2017	1	1	1
2017	1	2	2
2017	1	3	3
2017	1	4	4
2017	1	5	5
2017	1	6	6
2017	1	7	7
2017	1	8	8
2017	1	9	9
2017	1	10	10
2017	1	11	11
2017	1	12	12
2017	1	13	13
2017	1	14	14
2017	1	15	15
2017	1	16	16
2017	1	17	17
2017	1	18	18
2017	1	19	19
2017	1	20	20
2017	1	21	21
2017	1	22	22
2017	1	23	23
2017	1	24	24
2017	1	25	25
2017	1	26	26
2017	1	27	27
2017	1	28	28
2017	1	29	29
2017	1	30	30
2017	1	31	31
2017	2	1	32
2017	2	2	33
2017	2	3	34
2017	2	4	35
2017	2	5	36
2017	2	6	37
2017	2	7	38
2017	2	8	39
2017	2	9	40
2017	2	10	41
2017	2	11	42
2017	2	12	43
2017	2	13	44
2017	2	14	45
2017	2	15	46
2017	2	16	47
2017	2	17	48
2017	2	18	49
2017	2	19	50
2017	2	20	51
2017	2	21	52
2017	2	22	53
2017	2	23	54
2017	2	24	55
2017	2	25	56
2017	2	26	57
2017	2	27	58
2017	2	28	59
2017	3	1	60
2017	3	2	61
2017	3	3	62
2017	3	4	63
2017	3	5	64
2017	3	6	65
2017	3	7	66
2017	3	8	67
2017	3	9	68
2017	3	10	69
2017	3	11	70
2017	3	12	71
2017	3	13	72
2017	3	14	73
2017	3	15	74
2017	3	16	75
2017	3	17	76
2017	3	18	77
2017	3	19	78
2017	3	20	79
2017	3	21	80
2017	3	22	81
2017	3	23	82
2017	3	24	83
2017	3	25	84
2017	3	26	85
2017	3	27	86
2017	3	28	87
2017	3	29	88
2017	3	30	89
2017	3	31	90
2017	4	1	91
2017	4	2	92
2017	4	3	93
2017	4	4	94
2017	4	5	95
2017	4	6	96
2017	4	7	97
2017	4	8	98
2017	4	9	99
2017	4	10	100
2017	4	11	101
2017	4	12	102
2017	4	13	103
2017	4	14	104
2017	4	15	105
2017	4	16	106
2017	4	17	107
2017	4	18	108
2017	4	19	109
2017	4	20	110
2017	4	21	111
2017	4	22	112
2017	4	23	113
2017	4	24	114
2017	4	25	115
2017	4	26	116
2017	4	27	117
2017	4	28	118
2017	4	29	119
2017	4	30	120
2017	5	1	121
2017	5	2	122
2017	5	3	123
2017	5	4	124
2017	5	5	125
2017	5	6	126
2017	5	7	127
2017	5	8	128
2017	5	9	129
2017	5	10	130
2017	5	11	131
2017	5	12	132
2017	5	13	133
2017	5	14	134
2017	5	15	135
2017	5	16	136
2017	5	17	137
2017	5	18	138
2017	5	19	139
2017	5	20	140
2017	5	21	141
2017	5	22	142
2017	5	23	143
2017	5	24	144
2017	5	25	145
2017	5	26	146
2017	5	27	147
2017	5	28	148
2017	5	29	149
2017	5	30	150
2017	5	31	151
2017	6	1	152
2017	6	2	153
2017	6	3	154
2017	6	4	155
2017	6	5	156
2017	6	6	157
2017	6	7	158
2017	6	8	159
2017	6	9	160
2017	6	10	161
2017	6	11	162
2017	6	12	163
2017	6	13	164
2017	6	14	165
2017	6	15	166
2017	6	16	167
2017	6	17	168
2017	6	18	169
2017	6	19	170
2017	6	20	171
2017	6	21	172
2017	6	22	173
2017	6	23	174
2017	6	24	175
2017	6	25	176
2017	6	26	177
2017	6	27	178
2017	6	28	179
2017	6	29	180
2017	6	30	181
2017	7	1	182
2017	7	2	183
2017	7	3	184
2017	7	4	185
2017	7	5	186
2017	7	6	187
2017	7	7	188
2017	7	8	189
2017	7	9	190
2017	7	10	191
2017	7	11	192
2017	7	12	193
2017	7	13	194
2017	7	14	195
2017	7	15	196
2017	7	16	197
2017	7	17	198
2017	7	18	199
2017	7	19	200
2017	7	20	201
2017	7	21	202
2017	7	22	203
2017	7	23	204
2017	7	24	205
2017	7	25	206
2017	7	26	207
2017	7	27	208
2017	7	28	209
2017	7	29	210
2017	7	30	211
2017	7	31	212
2017	8	1	213
2017	8	2	214
2017	8	3	215
2017	8	4	216
2017	8	5	217
2017	8	6	218
2017	8	7	219
2017	8	8	220
2017	8	9	221
2017	8	10	222
2017	8	11	223
2017	8	12	224
2017	8	13	225
2017	8	14	226
2017	8	15	227
2017	8	16	228
2017	8	17	229
2017	8	18	230
2017	8	19	231
2017	8	20	232
2017	8	21	233
2017	8	22	234
2017	8	23	235
2017	8	24	236
2017	8	25	237
2017	8	26	238
2017	8	27	239
2017	8	28	240
2017	8	29	241
2017	8	30	242
2017	8	31	243
2017	9	1	244
2017	9	2	245
2017	9	3	246
2017	9	4	247
2017	9	5	248
2017	9	6	249
2017	9	7	250
2017	9	8	251
2017	9	9	252
2017	9	10	253
2017	9	11	254
2017	9	12	255
2017	9	13	256
2017	9	14	257
2017	9	15	258
2017	9	16	259
2017	9	17	260
2017	9	18	261
2017	9	19	262
2017	9	20	263
2017	9	21	264
2017	9	22	265
2017	9	23	266
2017	9	24	267
2017	9	25	268
2017	9	26	269
2017	9	27	270
2017	9	28	271
2017	9	29	272
2017	9	30	273