1922    0.40
1923    0.40
1924    0.40
1925    0.40
1926    0.40
1927    0.40
1928    0.40
1929    0.40
1930    0.40
1931    0.40
1932    0.40
1933    0.40
1934    0.40
1935    0.40
1936    0.40
1937    0.40
1938    0.40
1939    0.40
1940    0.40
1941    0.40
1942    0.40
1943    0.40
1944    0.40
1945    0.40
1946    0.40
1947    0.40
1948    0.40
1949    0.40
1950    0.40
1951    0.40
1952    0.40
1953    0.40
1954    0.40
1955    0.40
1956    0.40
1957    0.40
1958    0.40
1959    0.40
1960    0.40
1961    0.40
1962    0.40
1963    0.40
1964    0.40
1965    0.40
1966    0.40
1967    0.40
1968    0.40
1969    0.40
1970    0.40
1971    0.40
1972    0.40
1973    0.40
1974    0.40
1975    0.40
1976    0.40
1977    0.40
1978    0.40
1979    0.40
1980    0.40
1981    0.40
1982    0.40
1983    0.40
1984    0.40
1985    0.40
1986    0.40
1987    0.40
1988    0.40
1989    0.40
1990    0.40
1991    0.40
1992    0.40
1993    0.40
1994    0.40
1995    0.40
1996    0.40
1997    0.40
1998    0.40
1999    0.40
2000    0.40
2001    0.40
2002    0.40
2003    0.40
2004    0.40
2005    0.40
2006    0.40
2007    0.40
2008    0.40
2009    0.40
2010    0.40
2011    0.40
2012    0.40
2013    0.40
2014    0.40
2015    0.40
2016    0.40