1922    0.00
1923    0.00
1924    0.00
1925    0.00
1926    0.00
1927    0.00
1928    0.00
1929    0.00
1930    0.00
1931    0.00
1932    0.00
1933    0.00
1934    0.00
1935    0.00
1936    0.00
1937    0.00
1938    0.00
1939    0.00
1940    0.00
1941    0.00
1942    0.00
1943    0.00
1944    0.00
1945    0.00
1946    0.00
1947    0.01
1948    0.01
1949    0.01
1950    0.02
1951    0.03
1952    0.03
1953    0.04
1954    0.05
1955    0.06
1956    0.07
1957    0.08
1958    0.09
1959    0.09
1960    0.10
1961    0.10
1962    0.11
1963    0.11
1964    0.11
1965    0.12
1966    0.12
1967    0.13
1968    0.13
1969    0.13
1970    0.14
1971    0.14
1972    0.15
1973    0.15
1974    0.16
1975    0.16
1976    0.17
1977    0.19
1978    0.20
1979    0.21
1980    0.22
1981    0.22
1982    0.23
1983    0.23
1984    0.24
1985    0.24
1986    0.25
1987    0.25
1988    0.26
1989    0.27
1990    0.27
1991    0.28
1992    0.29
1993    0.30
1994    0.31
1995    0.32
1996    0.33
1997    0.34
1998    0.34
1999    0.35
2000    0.35
2001    0.36
2002    0.36
2003    0.37
2004    0.37
2005    0.38
2006    0.38
2007    0.39
2008    0.39
2009    0.40
2010    0.40
2011    0.40
2012    0.40
2013    0.40
2014    0.40
2015    0.40
2016    0.40