 DELTA ISLAND DIVERSION ALLOCATION FACTORS (%)
 FOR DWR/RMA DELTA MODEL NODES (4/20/88). MODIFIED FOR DSM NODES BY PNT (NM 2/21/92) 
  I    N      DIV %

   1   52        2.08
   1   53        5.95
   1  104       10.12
   1  105        3.87
   1  106       27.10
   1  107       10.71
   1  108        2.08
   1  109       11.90
   1  111        5.95
   1  170       10.42
   1  171        2.08
   1  172        7.74
   2   71        4.06
   2  112       14.37
   2  113        7.03
   2  172        8.12
   2  174        6.25
   2  175        8.44
   2  176        9.38
   2  177       14.38
   2  178        2.19
   2  182        3.12
   2  183        2.19
   2  187        5.94
   2  188        5.00
   2  189        2.19
   2  190        2.19
   2  191        1.09
   2  192        4.06
   3  303        8.08
   3  304       10.05
   3  305        9.71
   3  306       15.12
   3  340        9.97
   3  341        7.39
   3  342        2.58
   3  343        2.92
   3  344       17.35
   3  346        3.26
   3  347        8.59
   3  348        4.98
   4    6      100.00
   5  337       44.00
   5  338       56.00
   6  334       33.33
   6  335       33.33
   6  336       33.34
   7   40       10.00
   7   41       20.00
   7  271       44.00
   7  294       26.00
   8   43        2.06
   8   44        7.06
   8   45       42.36
   8   46       18.52
   8  240        3.82
   8  352        6.18
   8  353       12.65
   8  354        7.35
   9  257       45.55
   9  260       25.94
   9  262       17.82
   9  274       10.69
  10  301       25.98
  10  302        9.09
  10  303       25.32
  10  304        6.49
  10  339        8.44
  10  340       24.68
  11   16      100.00
  12   13       61.11
  12   14       38.89
  13  292       28.99
  13  294       17.39
  13  347       33.33
  13  348       20.29
  14  302        8.14
  14  304       14.66
  14  305       18.28
  14  306       14.33
  14  307       15.96
  14  308        7.49
  14  316       15.00
  14  350        6.14
  15  107       85.33
  15  108       14.67
  16  316      100.00
  17  316      100.00
  18    8        2.95
  18   48        6.75
  18   49       10.98
  18   50       14.35
  18   51        2.95
  18   52        9.70
  18  104        6.32
  18  105       22.79
  18  106        8.86
  18  107       14.35
  19  246       15.82
  19  247       11.65
  19  250        7.47
  19  266       26.37
  19  268       11.21
  19  278       27.48
  20  253       27.31
  20  339        9.25
  20  340       20.70
  20  341       32.17
  20  342       10.57
  21  256      100.00
  22  288       15.75
  22  290       22.83
  22  292        9.45
  22  343       15.75
  22  344       24.41
  22  346       11.81
  23  271        9.90
  23  280        1.69
  23  282        4.83
  23  284        7.97
  23  286        9.18
  23  288       13.04
  23  290       13.29
  23  292       17.39
  23  294       18.84
  23  342        0.97
  23  343        2.90
  24  334      100.00
  25   16        2.78
  25   22       10.71
  25   23        3.97
  25   24        3.97
  25   25        5.36
  25   26        6.55
  25  138       15.67
  25  139       15.66
  25  140        3.97
  25  141        2.38
  25  142        5.36
  25  146        5.36
  25  147       10.32
  25  148        7.94
  26  336      100.00
  27  338      100.00
  28  338      100.00
  29   39       13.20
  29   40       11.00
  29  245        6.60
  29  250        6.60
  29  251        6.60
  29  268       37.10
  29  271       18.90
  30  333       75.00
  30  334       25.00
  31   60        2.97
  31   61        8.92
  31   62        5.52
  31   64        2.97
  31   65        2.97
  31   66        2.97
  31   67       60.31
  31   68        2.97
  31  171        4.46
  31  172        2.97
  31  175        2.97
  32  205       22.22
  32  206       22.22
  32  222       11.11
  32  223       44.45
  33   77        4.18
  33   78        9.32
  33   79       11.26
  33   80        2.25
  33   81        2.25
  33   82        2.25
  33  196        4.50
  33  197        3.21
  33  198       20.35
  33  209       20.49
  33  210        1.61
  33  211        9.97
  33  212        8.36
  34   70       25.00
  34   71       25.00
  34  179       25.00
  34  209       25.00
  35  338      100.00
  36   18       50.00
  36   19       50.00
  37   44       19.80
  37   45       26.74
  37  222       11.38
  37  223       17.32
  37  226       24.76
  38  330       33.33
  38  331       33.33
  38  332       33.34
  39  296        4.20
  39  297       15.76
  39  298       12.08
  39  299        4.20
  39  301        1.57
  39  302        6.30
  39  311        5.89
  39  339       50.00
  40  253      100.00
  41   58        5.79
  41   59        5.79
  41   60        5.79
  41   61        4.13
  41   62       17.36
  41   63       11.57
  41   64       14.05
  41  150       35.52
  42   41       29.71
  42   42       36.59
  42   43        9.13
  42  240       24.57
  43  241      100.00
  44  257      100.00
  45   21      100.00
  46  316      100.00
  47  126       20.00
  47  127       20.00
  47  128       20.00
  47  135       10.00
  47  136       10.00
  47  137       10.00
  47  145       10.00
  48   32        4.38
  48   35       34.37
  48   38        8.75
  48   39       13.12
  48  245       17.50
  48  251       21.88
  49   82       11.06
  49   85        5.11
  49   86        3.83
  49  197       16.60
  49  199       60.42
  49  200        2.98
  50   98        7.61
  50  204       14.14
  50  205       33.69
  50  215       44.56
  51   38       13.40
  51   40        7.22
  51   41       20.62
  51   42        7.22
  51  224       13.40
  51  226       38.14
  52   35       16.50
  52   38        9.90
  52  100       16.50
  52  130       18.86
  52  133       15.56
  52  224       22.68
  53   86        4.18
  53   89       12.55
  53   92       16.15
  53   93       16.74
  53  121        8.37
  53  122        4.18
  53  124       21.08
  53  125       12.55
  53  213        4.18
  54   32       26.06
  54  243       18.62
  54  245       14.89
  54  247       18.62
  54  250       21.81
  55   26       12.96
  55   29        6.48
  55   30       18.52
  55   32       29.63
  55  141       32.41
  56  264       15.42
  56  266       17.01
  56  276        9.52
  56  278       58.05
  57   86        5.43
  57   89       23.92
  57   92       20.65
  57   93       10.86
  57  200       17.39
  57  203       21.74
  58   24        1.98
  58   25       11.86
  58   26        1.98
  58   29       14.41
  58   30        3.95
  58   32        7.91
  58  241       25.71
  58  242       18.64
  58  243       13.56
  59  142       11.91
  59  143        7.73
  59  144       12.50
  59  145        8.34
  59  146       14.30
  59  147        4.16
  59  148       41.07
  60  113       27.75
  60  114       33.97
  60  115        6.22
  60  116        3.35
  60  117        3.35
  60  118       25.36
  61   75        2.33
  61   77        5.91
  61   78        2.33
  61   79        4.66
  61   80        5.74
  61   81        8.07
  61   82        2.87
  61  113        3.75
  61  114        2.15
  61  115        1.25
  61  116       10.39
  61  117        8.61
  61  188        3.75
  61  189        4.66
  61  190        4.66
  61  191       10.40
  61  192        7.53
  61  194        5.20
  61  195        5.74
  62   32       27.54
  62   35       34.78
  62  133       37.68
  63  242       44.00
  63  246       56.00
  64  242       32.84
  64  243       13.73
  64  246       26.47
  64  247       26.96
  65  151       17.28
  65  153       16.05
  65  156        8.64
  65  158        8.64
  65  159       17.29
  65  163       16.05
  65  167       16.05
  66  151       13.00
  66  152       13.00
  66  155       60.00
  66  158        7.00
  66  159        7.00
  67   42       27.27
  67   43       48.49
  67  226       24.24
  68  316       33.34
  68  320       33.33
  68  321       33.33
  69    7       25.45
  69    8       15.76
  69   51       13.95
  69   52        9.70
  69   54        7.88
  69  164       27.26
  70    1      100.00
  71  201       20.01
  71  202        9.42
  71  204       16.48
  71  205       20.01
  71  206       34.07
  72   41        8.11
  72  240       17.76
  72  348       16.99
  72  350       41.70
  72  351       15.44
  73  318       14.60
  73  320       85.40
  74   82        9.77
  74   84       15.04
  74   85       19.58
  74   86        5.26
  74  118        5.26
  74  119       15.03
  74  194       15.03
  74  195       15.03
  75   21       34.43
  75   24       65.57
  76    3       50.00
  76    5       50.00
  77  314       53.61
  77  317        8.98
  77  318       28.43
  77  319        8.98
  78  316       80.82
  78  350       19.18
  79    1       80.00
  79    3       20.00
  80  262       47.81
  80  264       23.68
  80  276       28.51
  81  274       68.54
  81  276       31.46
  82   54       30.17
  82   55       13.21
  82   56       13.21
  82  170       43.41
  83  316       20.00
  83  317       20.00
  83  318       20.00
  83  319       20.00
  83  321       20.00
  84    5      100.00
  85  162       50.00
  85  163       50.00
  86    6      100.00
  87  319      100.00
  88  320      100.00
  89  320      100.00
  90  163      100.00
  91    6       69.70
  91  162       30.30
  92   40        2.47
  92   41        2.47
  92   42        2.53
  92   43        2.53
  92   44        2.53
  92   45        2.53
  92   46       11.94
  92   47       11.94
  92  240        2.53
  92  253        1.08
  92  255        0.11
  92  256        0.10
  92  257        1.16
  92  260        0.11
  92  262        0.11
  92  264        0.11
  92  266        0.11
  92  271        0.48
  92  276        0.10
  92  278        0.10
  92  280        0.48
  92  282        0.48
  92  284        0.48
  92  286        0.48
  92  288        0.48
  92  290        0.48
  92  292        0.48
  92  294        0.48
  92  301        0.65
  92  302        0.65
  92  303        0.65
  92  304        0.65
  92  305        0.48
  92  306        0.48
  92  307        0.65
  92  339        1.45
  92  340        1.45
  92  341        1.45
  92  342        1.28
  92  343        1.28
  92  344        1.28
  92  346        1.35
  92  347        1.08
  92  348        1.08
  92  350        3.18
  92  351        3.18
  92  352        2.53
  92  353        2.53
  92  354       11.94
  92  355       11.85
  93  337      100.00
  94  253      100.00
  95  253       33.33
  95  257       66.67
  96  256       50.00
  96  280       50.00
  97  337      100.00
  98  348       50.00
  98  350       50.00
  99  342      100.00
 100  253       11.48
 100  257       65.57
 100  260       22.95
 101  253      100.00
 102   54       11.11
 102   55       11.12
 102   56       11.11
 102  164       11.11
 102  165       11.11
 102  167       11.11
 102  168       11.11
 102  169       11.11
 102  171       11.11
 103    4      100.00
 104   26      100.00
 105  242      100.00
 106  242      100.00
 107  110       36.81
 107  111       18.06
 107  112        6.94
 107  113       21.35
 107  114       16.84
 108   22      100.00
 109   32      100.00
 110   30       50.00
 110   32       50.00
 111  130       22.83
 111  135       11.41
 111  136       19.02
 111  137        7.61
 111  142        7.61
 111  143       22.28
 111  144        9.24
 112   26       50.00
 112   29       50.00
 113  108       66.67
 113  113       16.67
 113  114       16.66
 114   24      100.00
 115  246      100.00
 116  241        7.95
 116  242       92.05
 117  246      100.00
 118   26       50.00
 118   29       50.00
 119  260       10.72
 119  262       12.60
 119  264        9.38
 119  266       10.99
 119  268        1.88
 119  269        7.51
 119  271        3.75
 119  280        1.88
 119  282       10.72
 119  284       14.48
 119  286       16.09
 120   23       25.23
 120   24       30.63
 120  241       44.14
 121  301        0.71
 121  302        0.71
 121  304        0.71
 121  305        1.91
 121  306        1.91
 121  316        8.38
 121  317        3.91
 121  318        3.91
 121  319        3.91
 121  320        5.81
 121  321        3.91
 121  326       12.50
 121  350        8.38
 121  351        7.25
 121  352       21.31
 121  354        7.39
 121  355        7.39
 122  320       76.51
 122  350       23.49
 123  352       50.00
 123  353       50.00
 124  314      100.00
 125  298       10.00
 125  299       10.00
 125  301       10.00
 125  302       10.00
 125  304       10.00
 125  311       15.00
 125  312       15.00
 125  314        5.00
 125  315        5.00
 125  318        5.00
 125  326        5.00
 126  318      100.00
 127  317      100.00
 128   70      100.00
 129   45       40.00
 129  201       15.00
 129  205       15.00
 129  223       30.00
 130  201       61.02
 130  202       32.20
 130  206        2.26
 130  222        2.26
 130  223        2.26
 131  222       52.12
 131  226       47.88
 132   72        8.94
 132   73       11.17
 132   74       11.17
 132   75        5.59
 132  182       22.38
 132  183       11.73
 132  187       22.32
 132  192        6.70
 133   45       28.04
 133  215        6.02
 133  216        6.02
 133  222       31.88
 133  223       28.04
 134   38       12.56
 134  204        3.99
 134  205       36.17
 134  215        3.98
 134  216       12.56
 134  222       18.17
 134  224       12.56
 135   39       50.00
 135   42       50.00
 136   38       25.00
 136  216       25.00
 136  226       25.00
 136  232       25.00
 137   77        6.25
 137   78        6.25
 137   79        6.25
 137   80        6.25
 137   81        6.25
 137   82        6.25
 137   84        6.25
 137   85        6.25
 137   86        6.25
 137   91        6.25
 137   92        6.25
 137   93        6.25
 137  196        6.25
 137  197        6.25
 137  198        6.25
 137  212        6.25
 138   98       21.43
 138  100       21.43
 138  232       57.14
 139   98      100.00
 140   38       12.50
 140   39       12.50
 140   40       12.50
 140   41       12.50
 140   42       12.50
 140   43       12.50
 140   44       12.50
 140   45       12.50
 141   45       25.10
 141   46       37.45
 141   47       37.45
 142  222       50.00
 142  226       50.00
 143    9       14.95
 143   10       19.93
 143   11       21.71
 143   12       28.46
 143   13       14.95
 144  316      100.00
 145  316      100.00
 146  337      100.00
 147  334       33.34
 147  335       33.33
 147  337       33.33
 148  332      100.00
 149   20       50.00
 149   21       50.00
 150   22      100.00
 151  241      100.00
 152  274      100.00
 153  241       16.60
 153  242       16.60
 153  246       16.70
 153  278       16.70
 153  276       16.70
 153  274       16.70
 154  274      100.00
 155   18      100.00
 156    1       50.00
 156    3       50.00
 157   13      100.00
 158  326      100.00
 159  326      100.00
 160  320      100.00
 161  320      100.00
 162  319      100.00
 163  319      100.00
 164  310       50.00
 164  311       50.00
 165  201      100.00
 166  206      100.00
 167  223      100.00
 168  223      100.00