 DELTA ISLAND DRAINAGE ALLOCATION FACTORS (%)
 FOR DWR/RMA DELTA MODEL NODES (4/20/88). MODIFIED FOR DSM NODES BY PNT (NM 2/21/92) 
  I    N      DRN %

   1   53        2.73
   1  104        2.73
   1  105        2.73
   1  106       11.48
   1  108        5.46
   1  111       26.23
   1  170       31.70
   1  171       14.21
   1  172        2.73
   2  112       11.96
   2  113       19.20
   2  174        9.42
   2  176       11.96
   2  178        5.80
   2  189        5.07
   2  190       19.92
   2  191       16.67
   3  303       10.68
   3  305       11.14
   3  306       54.09
   3  344       24.09
   4    8      100.00
   5  337       10.00
   5  338       90.00
   6  336      100.00
   7   40      100.00
   8   43       32.13
   8   45       45.37
   8   46        6.03
   8  240        2.01
   8  352        2.01
   8  353       12.45
   9  257       40.79
   9  260       9.21
   9  262       50.00
  10  302      100.00
  11  138      100.00
  12   13       24.69
  12   14       25.93
  12   15       49.38
  13  292       17.11
  13  294       82.89
  14  350      100.00
  15  108      100.00
  16  316      100.00
  17  316      100.00
  18   48       40.62
  18   51       15.62
  18  106       21.88
  18  107       21.88
  19  250       50.00
  19  268       50.00
  20  253       96.80
  20  339        1.23
  20  340        1.97
  21  280      100.00
  22  290      100.00
  23  271       52.92
  23  282       14.80
  23  286       27.80
  23  292        4.48
  24  332       20.00
  24  333       10.00
  24  334       70.00
  25   23       33.33
  25  148       66.67
  26  336      100.00
  27  338      100.00
  28  338      100.00
  29   40       66.67
  29  251       33.33
  30  333      100.00
  31   56        6.86
  31   60       13.73
  31   63       13.74
  31   64        2.94
  31   65        4.90
  31   66        4.90
  31  172        6.86
  31  173        6.86
  31  175        6.86
  31  176       13.73
  31  177       11.76
  31  178        6.86
  32  205       10.00
  32  215       22.86
  32  222       67.14
  33   79       42.86
  33  197       57.14
  34  209      100.00
  35  338      100.00
  36   18       50.00
  36   19       50.00
  37   44       60.00
  37   45       40.00
  38  333      100.00
  39  298       82.54
  39  301        0.34
  39  307        8.05
  39  311        5.56
  39  314        3.51
  40  253      100.00
  41   60       55.32
  41  149       29.79
  41  150       14.89
  42   42      100.00
  43  241      100.00
  44  257      100.00
  45   21      100.00
  46  308       50.00
  46  316       50.00
  47  135      100.00
  48   39       50.00
  48  251       50.00
  49   85      100.00
  50   98       60.00
  50  216       40.00
  51   38       43.95
  51   42       12.11
  51  224       43.94
  52   35       33.90
  52  130       66.10
  53   93      100.00
  54  245      100.00
  55   32       20.00
  55  140       80.00
  56  266      100.00
  57   86      100.00
  58   25       30.32
  58  243       69.68
  59  143      100.00
  60  115       14.29
  60  121       85.71
  61   78       28.00
  61   80       72.00
  62   35      100.00
  63  242      100.00
  64  242       25.00
  64  243       50.00
  64  247       25.00
  65  167       10.14
  65  168       37.68
  65  169       52.18
  66  150      100.00
  67   42      100.00
  68  316       33.34
  68  320       33.33
  68  321       33.33
  69  165      100.00
  70    1      100.00
  71  201       20.00
  71  204       80.00
  72   41       48.52
  72  240       23.67
  72  348        2.96
  72  350       18.93
  72  351        5.92
  73  318       61.76
  73  319       26.35
  73  320       11.89
  74  195      100.00
  75   24      100.00
  76    3       50.00
  76    5       50.00
  77  314       53.61
  77  317        8.98
  77  318       28.43
  77  319        8.98
  78  316       14.77
  78  350       85.23
  79    1       71.05
  79    3       28.95
  80  264      100.00
  81  276      100.00
  82   55       66.67
  82  170       33.33
  83  316      100.00
  84    5      100.00
  85  162       50.00
  85  163       50.00
  86    6      100.00
  87  320       58.72
  87  321       41.28
  88  320      100.00
  89  320      100.00
  90  163      100.00
  91    6       61.54
  91  162       38.46
  92   40        2.47
  92   41        2.47
  92   42        2.53
  92   43        2.53
  92   44        2.53
  92   45        2.53
  92   46       11.94
  92   47       11.94
  92  240        2.53
  92  253        1.08
  92  255        0.11
  92  256        0.10
  92  257        1.16
  92  260        0.11
  92  262        0.11
  92  264        0.11
  92  266        0.11
  92  271        0.48
  92  276        0.10
  92  278        0.10
  92  280        0.48
  92  282        0.48
  92  284        0.48
  92  286        0.48
  92  288        0.48
  92  290        0.48
  92  292        0.48
  92  294        0.48
  92  301        0.65
  92  302        0.65
  92  303        0.65
  92  304        0.65
  92  305        0.48
  92  306        0.48
  92  307        0.65
  92  339        1.45
  92  340        1.45
  92  341        1.45
  92  342        1.28
  92  343        1.28
  92  344        1.28
  92  346        1.35
  92  347        1.08
  92  348        1.08
  92  350        3.18
  92  351        3.18
  92  352        2.53
  92  353        2.53
  92  354       11.94
  92  355       11.85
  93  337      100.00
  94  253      100.00
  95  253       33.33
  95  257       66.67
  96  280      100.00
  97  337      100.00
  98  348       50.00
  98  350       50.00
  99  342      100.00
 100  253       50.00
 100  260       50.00
 101  253      100.00
 102   54       11.12
 102   55       11.11
 102   56       11.11
 102  164       11.11
 102  165       11.11
 102  167       11.11
 102  168       11.11
 102  169       11.11
 102  171       11.11
 103    4       40.00
 103   63       10.00
 103   66       10.00
 103   67       10.00
 103   68       10.00
 103  150       10.00
 103  155       10.00
 104   26      100.00
 105  242      100.00
 106  242      100.00
 107  111       33.33
 107  113       66.67
 108   23      100.00
 109   32      100.00
 110   30       50.00
 110   32       50.00
 111  137       40.00
 111  143       60.00
 112   26       50.00
 112   29       50.00
 113  113       50.00
 113  114       50.00
 114   24      100.00
 115  246      100.00
 116  241      100.00
 117  246      100.00
 118   26       50.00
 118   29       50.00
 119  266       10.87
 119  269       89.13
 120  241      100.00
 121  301        0.71
 121  302        0.71
 121  304        0.71
 121  305        1.91
 121  306        1.91
 121  316        8.38
 121  317        3.91
 121  318        3.91
 121  319        3.91
 121  320        5.81
 121  321        3.91
 121  326       12.50
 121  350        8.38
 121  351        7.25
 121  352       21.31
 121  354        7.39
 121  355        7.39
 122  320       76.51
 122  350       23.49
 123  352       50.00
 123  353       50.00
 124  307       50.00
 124  315       50.00
 125  298       10.00
 125  299       10.00
 125  301       10.00
 125  302       10.00
 125  304       10.00
 125  311       15.00
 125  312       15.00
 125  314        5.00
 125  315        5.00
 125  318        5.00
 125  326        5.00
 126  318      100.00
 127  318      100.00
 128   70      100.00
 129   45       40.00
 129  201       15.20
 129  205       15.20
 129  223       29.60
 130  201       25.10
 130  206        4.75
 130  222        4.75
 130  223       65.40
 131  222       50.00
 131  226       50.00
 132  192      100.00
 133   45       28.04
 133  215        6.02
 133  216        6.02
 133  222       31.88
 133  223       28.04
 134   38       12.10
 134  204        5.74
 134  205       34.78
 134  215        5.73
 134  216       12.08
 134  222       17.47
 134  224       12.10
 135   39       50.00
 135   42       50.00
 136   38       25.00
 136  216       25.00
 136  226       25.00
 136  232       25.00
 137   77        6.25
 137   78        6.25
 137   79        6.25
 137   80        6.25
 137   81        6.25
 137   82        6.25
 137   84        6.25
 137   85        6.25
 137   86        6.25
 137   91        6.25
 137   92        6.25
 137   93        6.25
 137  196        6.25
 137  197        6.25
 137  198        6.25
 137  212        6.25
 138  232      100.00
 139   98      100.00
 140   38       12.50
 140   39       12.50
 140   40       12.50
 140   41       12.50
 140   42       12.50
 140   43       12.50
 140   44       12.50
 140   45       12.50
 141   45       25.10
 141   46       37.45
 141   47       37.45
 142  222       50.00
 142  226       50.00
 143    9       14.95
 143   10       19.93
 143   11       21.71
 143   12       28.46
 143   13       14.95
 144  316      100.00
 145  316      100.00
 146  337      100.00
 147  334       33.34
 147  335       33.33
 147  337       33.33
 148  332      100.00
 149   20       50.00
 149   21       50.00
 150   22      100.00
 151  241      100.00
 152  274      100.00
 153  241       16.60
 153  242       16.60
 153  246       16.70
 153  278       16.70
 153  276       16.70
 153  274       16.70
 154  274      100.00
 155   18      100.00
 156    1       50.00
 156    3       50.00
 157   13      100.00
 158  326      100.00
 159  326      100.00
 160  320      100.00
 161  320      100.00
 162  319      100.00
 163  319      100.00
 164  310       50.00
 164  311       50.00
 165  201      100.00
 166  206      100.00
 167  223      100.00
 168  223      100.00
